1. 1590 - 1029 = 561 - 512 = 49 - 32 = 17 - 16 = 1 - 1 = 0
   0b	0    1	  1	  0  0  0  1  1  0  0  0  1
	  2048 1029 512 256 128 64 32 16 8  4  2  1
	  
	=0b011000110001
	  
2. 0b	1  0  1  1  1  0  1  1  0 = 256 + 64 + 32 + 16 + 4 + 2 = 383
	  256 128 64 32 16 8  4  2  1
	  
	=383
	  
3. 0b	1100 0000 0001 1010 0001 0101 1011 1010 1101
		C	  0	   1	A	 1	  5	   B	A	 D		
		
	=C01A15BAD
		
4. 0b 100 001 101 101
	   4   1   5   5

   0b    1 	  0   0   0   0  1 	1  0 1 	1  0  1 = 2048 + 64 + 32 + 8 + 4 + 1
	  2048 1029 512 256 128 64 32 16 8  4  2  1
	  
	=0o4155
	=2157
	  
5. 0x B	   A	D	 F	  0	   0	D
   0b 1011 1010	1101 1111 0000 0000 1101

   0b 001 011 101 011 011 111 000 000 001 101
   0o 1   3   5   3   3   7   0   0   1   5
	   
	=0b1011101011011111000000001101
	=0o1353370015
	
6. 0o 6   1   5   7 = 0b110001101111
   0b 110 001 101 111
   
   0b    1    1   0   0   0  1  1  0 1  1  1  1 = 2048 + 1029 + 64 + 32 + 8 + 4 + 2 + 1 = 3188
	  2048 1029 512 256 128 64 32 16 8  4  2  1
	  
7.  a b c  x
	0 0 0  0
	0 0 1  0
	0 1 0  0
	0 1 1  1
	1 0 0  0
	1 0 1  1
	1 1 0  1
	1 1 1  1

8. a b c  x
   0 1 1  1  ~abc
   1 0 1  1  a~bc
   1 1 0  1  ab~c
   1 1 1  1  abc

	~abc + a~bc + ab~c + abc
	ab(~c+c) + c(~ab + a~b)
	
	=ab + ~abc + a~bc

9. a b sum carry
   0 0  0  0
   0 1  1  0
   1 0  1  0
   1 1  0  1
   
10. CarryIn a b sum carryOut
		0	0 0  0  0
		0	0 1  1  0
		0	1 0  1  0
		0	1 1  0  1
		1	0 0  1  0
		1	0 1  0  1
		1	1 0  0  1
		1	1 1  1  1