1.  3	3	6	6	2	5	7	5	6	5	5
	011	011	110	110	010	101	111	101	110	101	101
	
2.	0000 1101 1110 1100 1010 1111 1011 1010 1101
	 0	  D		E	C	 A		F	B	A	D

3.	170-128 = 42-32 = 10-8 = 2-2 = 0
	7531
	10101010
	
4.	010 101 010
	2	5	2
	
	
1.	110110110
	256+128+32+16+4+2=438
	
2.	-512 256 128 64 32 16 8 4 2 1
	   0   1   1  0  1  1 0 1 1 0
	   1   0   0  1  0  0 1 0 1 0
	   
	 1   1 1111
3.	10110101011
   +00100100111
	11011010010
	
4.	010011001
	101100111
	
	 11  11
	000110110
   +101100111
    110111101
	

1.	A3 A2 A1 A0 f
	0  0  0  0  0
	0  0  0  1  0
	0  0  1  0  0
	0  0  1  1  1 'A3*'A2*A1*A0

	0  1  0  0  0
	0  1  0  1  1 'A3*A2*'A1*A0
	0  1  1  0  1 'A3*A2*A1*'A0
	0  1  1  1  0

	1  0  0  0  0
	1  0  0  1  1 A3*'A2*'A1*A0
	1  0  1  0  1 A3*'A2*A1*'A0
	1  0  1  1  0

	1  1  0  0  1 A3*A2*'A1*'A0
	1  1  0  1  0
	1  1  1  0  0
	1  1  1  1  0

2.	('A3*'A2*A1*A0)+('A3*A2*'A1*A0)+('A3*A2*A1*'A0)+(A3*'A2*'A1*A0)+(A3*'A2*A1*'A0)+(A3*A2*'A1*'A0)

('A3*'A2*A1*A0)+'A3*A2*('A1*A0+A1*'A0)+A3*'A2*('A1*A0+A1*'A0)+(A3*A2*'A1*'A0)

('A3*'A2*A1*A0)+'A3*A2*(A1 XOR A0)+A3*'A2*(A1 XOR A0)+(A3*A2*'A1*'A0)

('A3*'A2*A1*A0)+(A3 XOR A2)*(A1 XOR A0)+(A3*A2*'A1*'A0)